
Variable angle
  Vertex 101.25 0.21175417 101.24899 0.21175417 101.25101 0.21175417
  Vertex 288.5625 -3.710389E-4 288.56152 -3.710389E-4 288.56348 -3.710389E-4
  Vertex 450.5625 0.19201592 450.5615 0.19201592 450.5635 0.19201592
  Vertex 810.0 0.013841346 809.999 0.013841346 810.001 0.013841346
  Vertex 1154.25 0.18747644 1154.249 0.18747644 1154.251 0.18747644
  Vertex 1493.4375 0.01611109 1493.4365 0.01611109 1493.4385 0.01611109
  Vertex 1964.25 0.18747644 1964.249 0.18747644 1964.251 0.18747644
  Vertex 2531.25 0.01611109 2526.1875 0.01611109 2536.3125 0.01611109
  Vertex 2819.8125 0.1772626 2819.8115 0.1772626 2819.8135 0.1772626
  Vertex 2971.6875 0.0104367435 2971.6865 0.0104367435 2971.6885 0.0104367435
  Vertex 3108.375 0.15456522 3108.374 0.15456522 3108.376 0.15456522
  Vertex 3321.0 0.05015719 3320.999 0.05015719 3321.001 0.05015719

Variable x
  Vertex 15.1875 22.0 15.1865 22.0 15.1885 22.0
  Vertex 121.5 -16.0 121.499 -16.0 121.501 -16.0
  Vertex 455.625 20.2938 455.624 20.2938 455.626 20.2938
  Vertex 799.875 -9.997902 799.874 -9.997902 799.876 -9.997902
  Vertex 1194.75 20.2938 1189.6875 20.090502 1199.8125 20.497099
  Vertex 1579.5 -14.063904 1579.499 -14.063904 1579.501 -14.063904
  Vertex 2090.8125 17.854198 2090.8115 17.854198 2090.8135 17.854198
  Vertex 2424.9375 -14.673801 2424.9365 -14.673801 2424.9385 -14.673801
  Vertex 2642.625 21.9202 2642.624 21.9202 2642.626 21.9202
  Vertex 2971.6875 -14.063904 2971.6865 -14.063904 2971.6885 -14.063904
  Vertex 3295.6875 15.821199 3295.6865 15.821199 3295.6885 15.821199
  Vertex 3412.125 -14.063904 3412.124 -14.063904 3412.126 -14.063904